  618
  1	   1	   2	   4	   3	 3.442685888E+01
  2	   1	   2	   5	   4	 4.079586432E+00
  3	   1	   2	   7	   6	 1.139673862E+00
  4	   1	   2	  12	  11	 3.468130947E-01
  5	   1	   2	  14	  15	 1.226140305E-01
  6	   1	   2	  15	  16	 9.397183487E-02
  7	   1	   2	  18	  17	 7.583419102E-03
  8	   1	   2	  20	  19	 5.643996504E-02
  9	   1	   2	  22	  21	 7.138186283E-01
 10	   1	   2	  23	  22	 1.637563518E+00
 11	   1	   2	  24	  23	 2.961973170E+00
 12	   1	   2	  24	  25	 3.198599044E+00
 13	   1	   2	  25	  26	 1.177712796E+00
 14	   1	   2	  26	  27	 8.064382165E-01
 15	   1	   2	  27	  28	 2.982872651E-01
 16	   1	   2	  34	  33	 1.061351581E-01
 17	   1	   2	  39	  40	 8.175275323E-02
 18	   1	   2	  42	  41	 6.777797990E-03
 19	   1	   2	  44	  43	 1.109672621E-01
 20	   1	   2	  45	  44	 1.535145465E-01
 21	   1	   2	  46	  45	 9.168787850E-01
 22	   1	   2	  47	  46	 1.960629055E+00
 23	   1	   2	  48	  47	 4.126022682E+00
 24	   2	   3	   5	   4	 1.965794675E+01
 25	   2	   3	   6	   7	 8.125524240E-01
 26	   2	   3	  10	   9	 5.406264345E-01
 27	   2	   3	  12	  11	 6.622313300E-01
 28	   2	   3	  12	  13	 1.287343075E+00
 29	   2	   3	  15	  16	 1.443798842E-01
 30	   2	   3	  17	  18	 1.260761151E-02
 31	   2	   3	  20	  19	 3.170418401E-02
 32	   2	   3	  22	  21	 6.525680592E-01
 33	   2	   3	  23	  22	 1.427326379E+00
 34	   2	   3	  24	  23	 1.928159471E+00
 35	   2	   3	  24	  25	 2.361161066E+00
 36	   2	   3	  25	  26	 8.771995118E-01
 37	   2	   3	  26	  27	 6.800697093E-01
 38	   2	   3	  27	  28	 2.580288575E-01
 39	   2	   3	  30	  31	 1.198283053E-01
 40	   2	   3	  32	  31	 3.589015504E-02
 41	   2	   3	  37	  36	 4.097665647E-01
 42	   2	   3	  38	  39	 3.266280284E-01
 43	   2	   3	  39	  40	 2.484549096E-01
 44	   2	   3	  43	  42	 2.925022017E-01
 45	   2	   3	  44	  43	 1.590690578E-01
 46	   2	   3	  46	  45	 1.618797379E+00
 47	   2	   3	  47	  46	 2.356344407E+00
 48	   2	   3	  48	  47	 2.087062082E+00
 49	   2	   3	   1	  48	 4.409020391E+01
 50	   3	   4	   1	  48	 1.008928248E+01
 51	   3	   4	  48	  47	 7.906780266E-01
 52	   3	   4	  47	  46	 1.220964311E+00
 53	   3	   4	  46	  45	 9.041632817E-01
 54	   3	   4	  45	  44	 1.131818381E-01
 55	   3	   4	  44	  43	 8.372694732E-02
 56	   3	   4	  43	  42	 1.647664881E-01
 57	   3	   4	   6	   5	 4.157680420E+00
 58	   3	   4	  10	   9	 2.530707917E-01
 59	   3	   4	  22	  21	 2.740403515E-01
 60	   3	   4	  23	  22	 5.785737736E-01
 61	   3	   4	  24	  23	 7.317926611E-01
 62	   3	   4	  24	  25	 8.288824040E-01
 63	   3	   4	  25	  26	 3.903147864E-01
 64	   3	   4	  26	  27	 3.117874686E-01
 65	   3	   4	  27	  28	 1.179905115E-01
 66	   3	   4	  30	  29	 1.728524759E-02
 67	   3	   4	  30	  31	 5.566790871E-02
 68	   3	   4	  32	  31	 2.079311997E-02
 69	   3	   4	  37	  36	 2.751316392E-01
 70	   3	   4	  39	  40	 1.523684535E-01
 71	   4	   5	   7	   6	 2.043585969E+01
 72	   4	   5	  20	  19	 8.370047929E-03
 73	   4	   5	  21	  20	 9.963579855E-03
 74	   4	   5	  28	  29	 8.025298016E-03
 75	   4	   5	  31	  30	 9.668044283E-03
 76	   4	   5	  36	  37	 2.545117547E-01
 77	   4	   5	  39	  38	 1.501728180E-01
 78	   4	   5	  40	  39	 1.069589551E-01
 79	   4	   5	  42	  41	 2.954783057E-02
 80	   4	   5	  44	  43	 2.156040712E-02
 81	   4	   5	  45	  44	 2.835764668E-02
 82	   4	   5	   1	  48	 3.943682658E-01
 83	   5	   6	   8	   7	 8.456812942E+00
 84	   5	   6	  21	  20	 1.093621043E-02
 85	   5	   6	  36	  37	 4.167432304E-01
 86	   5	   6	  42	  41	 5.607925834E-02
 87	   5	   6	  44	  43	 4.163368810E-02
 88	   5	   6	  45	  44	 4.400788168E-02
 89	   6	   7	   9	   8	 1.174026531E+01
 90	   6	   7	  10	   9	 5.028711551E-01
 91	   6	   7	  11	  10	 8.212090556E-01
 92	   6	   7	  19	  18	 2.749150057E-02
 93	   6	   7	  20	  21	 6.045179764E-03
 94	   6	   7	  22	  21	 9.553603615E-02
 95	   6	   7	  23	  22	 1.848009907E-01
 96	   6	   7	  24	  25	 2.088874611E-01
 97	   6	   7	  29	  28	 9.193404711E-03
 98	   6	   7	  30	  31	 2.300530404E-02
 99	   6	   7	  42	  41	 2.971143328E-02
100	   6	   7	  43	  42	 8.622088883E-02
101	   6	   7	  44	  43	 2.671720056E-02
102	   6	   7	  45	  44	 2.100506595E-02
103	   6	   7	  46	  45	 3.082922880E-01
104	   6	   7	  47	  46	 3.993014616E-01
105	   6	   7	   1	  48	 1.514707614E+00
106	   7	   8	  10	   9	 9.646186957E+00
107	   7	   8	  11	  10	 7.773100468E+00
108	   7	   8	  12	  11	 6.596936765E+00
109	   7	   8	  18	  17	 6.134273246E-02
110	   7	   8	  28	  29	 1.033419117E-02
111	   7	   8	  31	  30	 3.319917257E-03
112	   7	   8	  36	  37	 1.045695917E+00
113	   7	   8	  39	  38	 5.222783969E-01
114	   7	   8	  40	  39	 3.376174357E-01
115	   7	   8	  42	  41	 1.341375839E-01
116	   7	   8	  44	  43	 4.290071024E-02
117	   8	   9	  11	  10	 5.210136982E+01
118	   8	   9	  12	  11	 1.172065357E+01
119	   8	   9	  13	  12	 4.695916811E+00
120	   8	   9	  15	  14	 2.509750443E-01
121	   8	   9	  16	  15	 1.136353769E-01
122	   8	   9	  18	  17	 4.242290776E-02
123	   8	   9	  19	  18	 1.541027245E-02
124	   8	   9	  20	  19	 9.081759313E-03
125	   8	   9	  21	  20	 4.958048780E-03
126	   8	   9	  24	  25	 1.908489645E-02
127	   8	   9	  28	  27	 4.760461475E-03
128	   8	   9	  28	  29	 6.507055845E-03
129	   8	   9	  29	  30	 1.047834228E-02
130	   8	   9	  31	  32	 2.172325860E-02
131	   8	   9	  36	  37	 1.072345480E+00
132	   8	   9	  38	  37	 3.176103087E-01
133	   8	   9	  39	  38	 5.048797977E-01
134	   8	   9	  40	  39	 3.152847008E-01
135	   8	   9	  41	  40	 1.265224216E-01
136	   8	   9	  42	  41	 1.263490288E-01
137	   8	   9	  43	  42	 5.926945539E-02
138	   8	   9	  44	  43	 2.900170862E-02
139	   8	   9	  45	  44	 1.631379828E-02
140	   8	   9	  46	  45	 1.547471328E-02
141	   8	   9	  48	   1	 2.867798000E-01
142	   9	  10	  12	  11	 3.812094653E+01
143	   9	  10	  13	  12	 1.595601185E+01
144	   9	  10	  15	  14	 8.896355121E-01
145	   9	  10	  16	  15	 4.213905685E-01
146	   9	  10	  18	  17	 1.467262240E-01
147	   9	  10	  20	  19	 4.192237665E-02
148	   9	  10	  21	  20	 3.152812228E-02
149	   9	  10	  21	  22	 1.065105150E-01
150	   9	  10	  22	  23	 1.552845983E-01
151	   9	  10	  25	  24	 3.722395062E-02
152	   9	  10	  27	  26	 1.548980043E-01
153	   9	  10	  28	  27	 6.868842360E-02
154	   9	  10	  29	  30	 5.374732482E-02
155	   9	  10	  31	  32	 9.604974543E-02
156	   9	  10	  32	  33	 1.043001951E-01
157	   9	  10	  33	  34	 2.992946605E-01
158	   9	  10	  34	  35	 4.840528652E-01
159	   9	  10	  36	  37	 4.622042502E+00
160	   9	  10	  38	  37	 1.036073186E+00
161	   9	  10	  39	  38	 2.172040156E+00
162	   9	  10	  40	  39	 1.428476513E+00
163	   9	  10	  41	  40	 4.897934451E-01
164	   9	  10	  42	  41	 5.371009288E-01
165	   9	  10	  44	  43	 1.538111935E-01
166	   9	  10	  45	  44	 1.010673465E-01
167	   9	  10	  45	  46	 2.161858818E-01
168	   9	  10	  46	  47	 2.772064523E-01
169	  10	  11	  13	  12	 3.807018593E+01
170	  10	  11	  15	  14	 1.337819317E+00
171	  10	  11	  16	  15	 6.086222205E-01
172	  10	  11	  18	  17	 2.093108686E-01
173	  10	  11	  20	  19	 5.696334357E-02
174	  10	  11	  21	  20	 4.039997776E-02
175	  10	  11	  21	  22	 1.167234524E-01
176	  10	  11	  22	  23	 1.606320396E-01
177	  10	  11	  25	  24	 2.670181380E-02
178	  10	  11	  27	  26	 1.663197086E-01
179	  10	  11	  28	  27	 7.638197374E-02
180	  10	  11	  29	  30	 7.014673905E-02
181	  10	  11	  31	  32	 1.300638378E-01
182	  10	  11	  32	  33	 1.457977464E-01
183	  10	  11	  33	  34	 4.083968294E-01
184	  10	  11	  34	  35	 6.668747997E-01
185	  10	  11	  36	  37	 6.217400246E+00
186	  10	  11	  38	  37	 2.343197335E+00
187	  10	  11	  39	  38	 2.773599085E+00
188	  10	  11	  40	  39	 1.621142269E+00
189	  10	  11	  42	  41	 6.096139947E-01
190	  10	  11	  44	  43	 1.615272743E-01
191	  10	  11	  45	  44	 1.031112905E-01
192	  10	  11	  45	  46	 1.896791694E-01
193	  10	  11	  46	  47	 2.479312762E-01
194	  11	  12	  14	  13	 3.398926024E+00
195	  11	  12	  15	  14	 1.757847307E+00
196	  11	  12	  16	  15	 7.338372140E-01
197	  11	  12	  17	  16	 1.963462137E-01
198	  11	  12	  18	  17	 2.412986639E-01
199	  11	  12	  19	  18	 7.504635903E-02
200	  11	  12	  20	  19	 6.008402562E-02
201	  11	  12	  21	  22	 8.548709288E-02
202	  11	  12	  22	  23	 1.051623944E-01
203	  11	  12	  25	  24	 1.826833475E-02
204	  11	  12	  26	  25	 5.915034916E-02
205	  11	  12	  27	  26	 1.127816418E-01
206	  11	  12	  31	  32	 1.653130428E-01
207	  11	  12	  32	  33	 2.020704211E-01
208	  11	  12	  33	  34	 5.321818043E-01
209	  11	  12	  34	  35	 9.206583867E-01
210	  11	  12	  35	  36	 1.527667681E+00
211	  11	  12	  36	  37	 7.363761159E+00
212	  11	  12	  38	  37	 6.817358159E+00
213	  11	  12	  39	  38	 2.470433897E+00
214	  11	  12	  40	  39	 7.578284687E-01
215	  11	  12	  41	  40	 2.714612635E-01
216	  11	  12	  42	  41	 2.833011191E-01
217	  11	  12	  43	  42	 1.122799620E-01
218	  11	  12	  44	  43	 5.308000373E-02
219	  11	  12	  45	  46	 3.363919047E-02
220	  11	  12	  46	  47	 6.512060554E-02
221	  11	  12	  48	   1	 2.046364325E+00
222	  12	  13	  15	  14	 3.601286601E+01
223	  12	  13	  16	  15	 1.159418758E+01
224	  12	  13	  17	  16	 3.605356057E+00
225	  12	  13	  18	  17	 3.325921784E+00
226	  12	  13	  19	  18	 1.097176280E+00
227	  12	  13	  20	  19	 5.689579127E-01
228	  12	  13	  21	  20	 2.937774719E-01
229	  12	  13	  21	  22	 3.581356075E-01
230	  12	  13	  22	  23	 2.906899983E-01
231	  12	  13	  24	  23	 1.696476742E-01
232	  12	  13	  25	  26	 4.833137064E-02
233	  12	  13	  27	  26	 3.035571517E-01
234	  12	  13	  28	  27	 2.056300770E-01
235	  12	  13	  28	  29	 2.475361258E-01
236	  12	  13	  29	  30	 4.363996723E-01
237	  12	  13	  31	  32	 9.694640141E-01
238	  12	  13	  32	  33	 1.397319204E+00
239	  12	  13	  33	  34	 3.425016040E+00
240	  12	  13	  34	  35	 3.954433206E+00
241	  12	  13	  35	  36	 4.912082835E+00
242	  12	  13	  37	  36	 3.770230317E+01
243	  12	  13	  37	  38	 7.684930224E+00
244	  12	  13	  38	  39	 6.580510832E+00
245	  12	  13	  39	  40	 3.591862179E+00
246	  12	  13	  40	  41	 1.289733272E+00
247	  12	  13	  41	  42	 1.321357135E+00
248	  12	  13	  43	  44	 3.441339355E-01
249	  12	  13	  44	  45	 2.019046475E-01
250	  12	  13	  46	  45	 3.247611014E-01
251	  12	  13	  47	  46	 3.814305753E-01
252	  13	  14	  16	  15	 2.901301807E+01
253	  13	  14	  17	  16	 8.698331514E+00
254	  13	  14	  18	  17	 4.598936255E+00
255	  13	  14	  19	  18	 1.097432188E+00
256	  13	  14	  20	  19	 2.852702861E-01
257	  13	  14	  23	  22	 5.244577036E-02
258	  13	  14	  24	  23	 9.048188357E-02
259	  13	  14	  25	  24	 8.553326921E-02
260	  13	  14	  25	  26	 5.778248945E-02
261	  13	  14	  32	  31	 2.649433323E-01
262	  13	  14	  33	  32	 3.769045709E-01
263	  13	  14	  34	  33	 1.043876444E+00
264	  13	  14	  35	  34	 2.494333357E+00
265	  13	  14	  36	  35	 5.550646577E+00
266	  13	  14	  36	  37	 6.412841770E+00
267	  13	  14	  37	  38	 1.470898492E+00
268	  13	  14	  38	  39	 9.672767341E-01
269	  13	  14	  39	  40	 4.844621722E-01
270	  13	  14	  40	  41	 1.530753327E-01
271	  13	  14	  41	  42	 1.925693170E-01
272	  13	  14	  42	  43	 6.139523622E-02
273	  13	  14	  46	  45	 8.289590060E-02
274	  13	  14	  47	  46	 1.140955136E-01
275	  13	  14	  48	  47	 5.630951108E-02
276	  14	  15	  17	  16	 4.067470186E+01
277	  14	  15	  18	  17	 6.516769219E+00
278	  14	  15	  19	  18	 7.103995955E-01
279	  14	  15	  19	  20	 3.260770933E-02
280	  14	  15	  20	  21	 7.229090137E-02
281	  14	  15	  22	  21	 2.101265553E-01
282	  14	  15	  23	  22	 2.490469430E-01
283	  14	  15	  24	  25	 5.251988824E-02
284	  14	  15	  26	  27	 2.543993367E-01
285	  14	  15	  27	  28	 1.355409077E-01
286	  14	  15	  29	  28	 1.230878495E-01
287	  14	  15	  30	  29	 1.999607669E-01
288	  14	  15	  32	  31	 4.260265456E-01
289	  14	  15	  33	  32	 5.759391144E-01
290	  14	  15	  34	  33	 1.446118131E+00
291	  14	  15	  35	  34	 1.763846209E+00
292	  14	  15	  36	  35	 1.869741371E+00
293	  14	  15	  36	  37	 4.213630023E+00
294	  14	  15	  37	  38	 8.597593217E-01
295	  14	  15	  38	  39	 6.640926200E-01
296	  14	  15	  39	  40	 3.503399477E-01
297	  14	  15	  40	  41	 1.015823906E-01
298	  14	  15	  41	  42	 1.368161839E-01
299	  14	  15	  46	  45	 9.923449343E-02
300	  14	  15	  47	  46	 1.478476770E-01
301	  14	  15	   1	  48	 5.688697945E-02
302	  15	  16	  18	  17	 1.009356056E+01
303	  15	  16	  19	  18	 4.507612969E-01
304	  15	  16	  19	  20	 1.276038747E-01
305	  15	  16	  20	  21	 1.005681361E-01
306	  15	  16	  22	  21	 2.000657008E-01
307	  15	  16	  23	  22	 2.186223125E-01
308	  15	  16	  24	  25	 6.294976793E-02
309	  15	  16	  26	  27	 2.225711821E-01
310	  15	  16	  27	  28	 1.181888619E-01
311	  15	  16	  29	  28	 1.060569547E-01
312	  15	  16	  30	  29	 1.714706959E-01
313	  15	  16	  32	  31	 3.555475902E-01
314	  15	  16	  33	  32	 4.776999320E-01
315	  15	  16	  34	  33	 1.158351810E+00
316	  15	  16	  35	  34	 1.045088954E+00
317	  15	  16	  36	  35	 5.269637910E-01
318	  15	  16	  36	  37	 2.727769398E+00
319	  15	  16	  37	  38	 4.350880160E-01
320	  15	  16	  38	  39	 3.541152915E-01
321	  15	  16	  39	  40	 1.885287603E-01
322	  15	  16	  41	  42	 7.402710393E-02
323	  15	  16	  43	  44	 2.165761273E-02
324	  15	  16	  46	  45	 6.545514178E-02
325	  15	  16	  47	  46	 1.014570543E-01
326	  15	  16	   1	  48	 3.641417602E-02
327	  16	  17	  19	  18	 1.216084415E+01
328	  16	  17	  20	  19	 1.375182253E+00
329	  16	  17	  21	  20	 3.715499306E-01
330	  16	  17	  21	  22	 1.278761904E-01
331	  16	  17	  22	  23	 8.899200469E-02
332	  16	  17	  24	  23	 6.400941567E-02
333	  16	  17	  25	  24	 1.583534478E-01
334	  16	  17	  31	  30	 4.507011050E-02
335	  16	  17	  32	  31	 1.005168611E-01
336	  16	  17	  33	  32	 1.548482562E-01
337	  16	  17	  34	  33	 3.272013211E-01
338	  16	  17	  35	  34	 2.919496119E-01
339	  16	  17	  36	  35	 1.623717566E-01
340	  16	  17	  36	  37	 8.057073335E-01
341	  16	  17	  37	  38	 1.118022597E-01
342	  16	  17	  38	  39	 7.761117528E-02
343	  16	  17	  39	  40	 3.847819434E-02
344	  16	  17	  40	  41	 1.270788014E-02
345	  16	  17	  43	  44	 5.330391370E-03
346	  16	  17	  44	  45	 3.738685336E-03
347	  16	  17	  48	   1	 3.027092442E-02
348	  17	  18	  20	  19	 7.044056113E+00
349	  17	  18	  21	  20	 1.063348261E+00
350	  17	  18	  21	  22	 1.388372774E-01
351	  17	  18	  24	  23	 1.645846095E-01
352	  17	  18	  25	  24	 2.316221491E-01
353	  17	  18	  26	  25	 1.724058102E-02
354	  17	  18	  29	  28	 3.180500254E-02
355	  17	  18	  30	  29	 6.242915730E-02
356	  17	  18	  32	  31	 1.370996381E-01
357	  17	  18	  33	  32	 1.794352937E-01
358	  17	  18	  34	  33	 4.210469571E-01
359	  17	  18	  35	  34	 3.658038380E-01
360	  17	  18	  36	  35	 1.562527611E-01
361	  17	  18	  36	  37	 9.542356844E-01
362	  17	  18	  37	  38	 1.553606998E-01
363	  17	  18	  38	  39	 1.249274665E-01
364	  17	  18	  39	  40	 6.573429102E-02
365	  17	  18	  41	  42	 2.648889798E-02
366	  17	  18	  43	  44	 8.580824889E-03
367	  17	  18	  44	  45	 6.988499063E-03
368	  17	  18	  48	   1	 2.564841406E-02
369	  18	  19	  21	  20	 1.640505919E+01
370	  18	  19	  21	  22	 6.350370623E-01
371	  18	  19	  24	  23	 9.459366157E-01
372	  18	  19	  25	  24	 1.128997120E+00
373	  18	  19	  27	  26	 2.679015688E-01
374	  18	  19	  28	  27	 1.297521075E-01
375	  18	  19	  30	  29	 2.465150617E-02
376	  18	  19	  31	  30	 7.604892883E-02
377	  18	  19	  32	  31	 5.536117152E-02
378	  18	  19	  33	  32	 6.888865027E-02
379	  18	  19	  34	  33	 1.334174590E-01
380	  18	  19	  35	  34	 1.157068616E-01
381	  18	  19	  36	  37	 3.362160070E-01
382	  18	  19	  37	  38	 4.555276282E-02
383	  18	  19	  38	  39	 2.483276407E-02
384	  18	  19	  39	  40	 1.010175485E-02
385	  18	  19	  40	  41	 5.582227452E-03
386	  18	  19	  41	  42	 6.719992152E-03
387	  18	  19	  42	  43	 9.601023419E-03
388	  18	  19	  44	  45	 3.295261300E-03
389	  18	  19	  48	   1	 1.561674264E-01
390	  19	  20	  23	  22	 2.488608660E+00
391	  19	  20	  24	  23	 2.164866894E+00
392	  19	  20	  25	  24	 1.201398317E+00
393	  19	  20	  26	  25	 9.568901112E-02
394	  19	  20	  27	  26	 1.178279333E-01
395	  19	  20	  28	  27	 5.445646476E-02
396	  19	  20	  29	  28	 2.859330143E-02
397	  19	  20	  30	  29	 4.555123611E-02
398	  19	  20	  32	  31	 4.406506411E-02
399	  19	  20	  33	  32	 4.425376467E-02
400	  19	  20	  34	  33	 1.214408384E-01
401	  19	  20	  35	  34	 1.001850220E-01
402	  19	  20	  36	  37	 2.534086134E-01
403	  19	  20	  43	  44	 4.049938273E-03
404	  19	  20	  44	  45	 3.892478094E-03
405	  19	  20	  46	  47	 5.716676384E-03
406	  19	  20	  48	   1	 7.227286098E-02
407	  20	  21	  23	  22	 3.573615910E+01
408	  20	  21	  24	  23	 6.727387877E+00
409	  20	  21	  25	  24	 1.870133530E+00
410	  20	  21	  26	  25	 8.499572901E-02
411	  20	  21	  27	  26	 7.487539495E-02
412	  20	  21	  28	  27	 3.216453095E-02
413	  20	  21	  29	  28	 3.176816834E-02
414	  20	  21	  30	  29	 4.000820066E-02
415	  20	  21	  32	  31	 2.755015351E-02
416	  20	  21	  33	  32	 2.485099444E-02
417	  20	  21	  34	  33	 8.189929331E-02
418	  20	  21	  35	  34	 6.656218057E-02
419	  20	  21	  36	  37	 1.571546952E-01
420	  20	  21	  41	  42	 6.893814020E-03
421	  20	  21	  43	  44	 3.028767819E-03
422	  20	  21	  44	  45	 3.385804924E-03
423	  20	  21	  48	   1	 5.915922806E-02
424	  21	  22	  24	  23	 3.193734525E+01
425	  21	  22	  25	  24	 1.072336620E+01
426	  21	  22	  26	  25	 1.022626146E+00
427	  21	  22	  27	  26	 1.601022311E+00
428	  21	  22	  28	  27	 7.746253273E-01
429	  21	  22	  31	  30	 3.279026863E-01
430	  21	  22	  33	  34	 2.047354677E-01
431	  21	  22	  34	  35	 1.510979358E-01
432	  21	  22	  37	  36	 2.920449416E-01
433	  21	  22	  38	  37	 7.714729266E-02
434	  21	  22	  39	  38	 1.126389040E-01
435	  21	  22	  40	  39	 7.199737508E-02
436	  21	  22	  43	  44	 5.705109499E-03
437	  21	  22	  45	  46	 1.613992784E-01
438	  21	  22	  46	  47	 2.946986223E-01
439	  21	  22	  47	  48	 3.969295500E-01
440	  21	  22	  48	   1	 7.988696195E-01
441	  22	  23	  25	  24	 4.128536172E+01
442	  22	  23	  26	  25	 2.097920368E+00
443	  22	  23	  27	  26	 2.263782514E+00
444	  22	  23	  28	  27	 1.009237373E+00
445	  22	  23	  31	  30	 4.068394889E-01
446	  22	  23	  32	  33	 1.979022694E-02
447	  22	  23	  33	  34	 2.335972505E-01
448	  22	  23	  34	  35	 1.783194276E-01
449	  22	  23	  37	  36	 2.637464227E-01
450	  22	  23	  38	  37	 9.258315176E-02
451	  22	  23	  39	  38	 1.562168415E-01
452	  22	  23	  40	  39	 1.037627540E-01
453	  22	  23	  43	  44	 1.617963083E-02
454	  22	  23	  45	  46	 2.902064147E-01
455	  22	  23	  46	  47	 5.236062254E-01
456	  22	  23	  47	  48	 7.230545234E-01
457	  22	  23	  48	   1	 2.175795828E+00
458	  23	  24	  26	  25	 3.827767039E+00
459	  23	  24	  27	  26	 1.812604592E+00
460	  23	  24	  28	  27	 5.712326357E-01
461	  23	  24	  30	  29	 3.980486400E-02
462	  23	  24	  34	  35	 6.328595002E-02
463	  23	  24	  36	  37	 7.813077669E-02
464	  23	  24	  38	  37	 3.448869233E-02
465	  23	  24	  39	  38	 1.056256088E-01
466	  23	  24	  43	  44	 3.285395508E-02
467	  23	  24	  44	  45	 3.696254836E-02
468	  23	  24	  45	  46	 3.650004920E-01
469	  23	  24	  46	  47	 6.705820813E-01
470	  23	  24	  47	  48	 1.032272200E+00
471	  23	  24	  48	   1	 3.684907999E+00
472	  24	  25	  27	  26	 4.550016277E+01
473	  24	  25	  28	  27	 9.608976442E+00
474	  24	  25	  31	  30	 2.392531235E+00
475	  24	  25	  37	  36	 5.187618614E-01
476	  24	  25	  39	  38	 4.349928987E-02
477	  24	  25	  40	  39	 3.610294892E-02
478	  24	  25	  42	  43	 1.706776586E-01
479	  24	  25	  43	  44	 1.097047175E-01
480	  24	  25	  45	  46	 8.139502950E-01
481	  24	  25	  46	  47	 2.221249194E+00
482	  24	  25	  47	  48	 3.918815454E+00
483	  24	  25	   1	  48	 1.424412712E+01
484	  25	  26	  28	  27	 3.030618449E+01
485	  25	  26	  29	  28	 6.897355714E+00
486	  25	  26	  33	  32	 1.827612418E-01
487	  25	  26	  37	  38	 4.125141213E-02
488	  25	  26	  38	  39	 1.250908697E-01
489	  25	  26	  44	  43	 8.676668737E-02
490	  25	  26	  45	  44	 1.025819089E-01
491	  25	  26	  46	  45	 7.544688237E-01
492	  25	  26	  47	  46	 1.756993293E+00
493	  25	  26	  48	  47	 3.329978941E+00
494	  25	  26	  48	   1	 3.720331108E+00
495	  26	  27	  29	  28	 1.897143706E+01
496	  26	  27	  34	  33	 1.942277805E-01
497	  26	  27	  37	  38	 9.963838328E-02
498	  26	  27	  38	  39	 1.925119038E-01
499	  26	  27	  39	  40	 1.312558289E-01
500	  26	  27	  44	  43	 5.757756098E-02
501	  26	  27	  46	  45	 6.213493098E-01
502	  26	  27	  47	  46	 1.384752790E+00
503	  26	  27	  48	  47	 1.970848248E+00
504	  26	  27	  48	   1	 2.451169031E+00
505	  27	  28	  31	  32	 1.836149435E-01
506	  27	  28	  36	  37	 7.650683325E-01
507	  27	  28	  38	  39	 9.060740269E-02
508	  27	  28	  39	  40	 5.893931793E-02
509	  27	  28	  44	  43	 1.554468417E-02
510	  27	  28	  46	  45	 2.078990323E-01
511	  27	  28	  47	  46	 4.483612543E-01
512	  27	  28	  48	  47	 6.077396250E-01
513	  27	  28	  48	   1	 6.733380148E-01
514	  28	  29	  31	  30	 1.910385860E+01
515	  28	  29	  40	  39	 4.529275802E-02
516	  28	  29	  42	  41	 1.836970914E-02
517	  28	  29	  44	  43	 6.805517614E-03
518	  28	  29	  45	  44	 1.447762377E-02
519	  29	  30	  32	  31	 1.081931732E+01
520	  29	  30	  37	  36	 1.657366218E+00
521	  29	  30	  39	  38	 1.159108450E-01
522	  29	  30	  40	  39	 6.553998497E-02
523	  29	  30	  42	  41	 3.019862199E-02
524	  29	  30	  44	  43	 1.183113592E-02
525	  29	  30	  45	  44	 1.521148143E-02
526	  29	  30	  48	   1	 3.502027187E-02
527	  30	  31	  33	  32	 1.246530254E+01
528	  30	  31	  34	  33	 1.542437303E+00
529	  30	  31	  42	  41	 9.102791925E-03
530	  30	  31	  43	  42	 3.702262661E-02
531	  30	  31	  44	  43	 5.840666798E-03
532	  30	  31	  46	  45	 9.072018078E-02
533	  30	  31	  47	  46	 1.817787267E-01
534	  30	  31	  48	   1	 2.212742737E-01
535	  31	  32	  34	  33	 1.428551245E+01
536	  31	  32	  35	  34	 9.738988261E+00
537	  31	  32	  37	  36	 1.776162708E+00
538	  31	  32	  39	  38	 2.663140476E-01
539	  31	  32	  40	  39	 1.503403885E-01
540	  31	  32	  42	  41	 9.117899001E-02
541	  31	  32	  44	  43	 2.270191998E-02
542	  31	  32	  45	  44	 1.707754480E-02
543	  32	  33	  35	  34	 3.643499713E+01
544	  32	  33	  36	  35	 8.418039918E+00
545	  32	  33	  37	  36	 4.254612440E+00
546	  32	  33	  38	  37	 3.372594378E-01
547	  32	  33	  39	  38	 3.023327683E-01
548	  32	  33	  40	  39	 1.546093728E-01
549	  32	  33	  42	  41	 7.551535109E-02
550	  32	  33	  43	  42	 2.932700471E-02
551	  32	  33	  44	  43	 1.749320162E-02
552	  32	  33	  45	  44	 1.094726053E-02
553	  32	  33	  45	  46	 1.532980615E-02
554	  32	  33	  46	  47	 1.929425612E-02
555	  32	  33	  48	   1	 1.313098597E-02
556	  33	  34	  36	  35	 2.780345265E+01
557	  33	  34	  37	  36	 1.170364068E+01
558	  33	  34	  38	  37	 9.511156303E-01
559	  33	  34	  39	  38	 8.575466634E-01
560	  33	  34	  40	  39	 4.373542368E-01
561	  33	  34	  42	  41	 1.965888237E-01
562	  33	  34	  44	  43	 4.872255427E-02
563	  33	  34	  45	  44	 3.777996965E-02
564	  33	  34	  45	  46	 8.572526646E-02
565	  33	  34	  46	  47	 1.354034808E-01
566	  33	  34	  47	  48	 1.060961055E-01
567	  33	  34	   1	  48	 4.784111415E-02
568	  34	  35	  37	  36	 3.334797672E+01
569	  34	  35	  38	  37	 2.067530416E+00
570	  34	  35	  39	  38	 1.647348508E+00
571	  34	  35	  40	  39	 7.959563217E-01
572	  34	  35	  42	  41	 3.373081665E-01
573	  34	  35	  44	  43	 8.301343975E-02
574	  34	  35	  45	  44	 5.917093251E-02
575	  34	  35	  45	  46	 1.030557053E-01
576	  34	  35	  46	  47	 1.520251549E-01
577	  34	  35	  47	  48	 9.049672417E-02
578	  34	  35	   1	  48	 4.838528832E-02
579	  35	  36	  38	  37	 3.821440446E+00
580	  35	  36	  39	  38	 1.921201440E+00
581	  35	  36	  40	  39	 7.955093271E-01
582	  35	  36	  41	  40	 2.709280427E-01
583	  35	  36	  42	  41	 2.777326221E-01
584	  35	  36	  43	  42	 1.073830107E-01
585	  35	  36	  48	   1	 1.631793736E-02
586	  36	  37	  39	  38	 3.889703245E+01
587	  36	  37	  40	  39	 1.146804947E+01
588	  36	  37	  41	  40	 5.055951583E+00
589	  36	  37	  42	  41	 3.977830873E+00
590	  36	  37	  44	  43	 5.742994680E-01
591	  36	  37	  46	  47	 5.139379382E-01
592	  36	  37	   1	  48	 1.277146055E+00
593	  37	  38	  40	  39	 2.827970511E+01
594	  37	  38	  41	  40	 1.088105251E+01
595	  37	  38	  42	  41	 6.066458762E+00
596	  37	  38	  43	  42	 1.475381395E+00
597	  37	  38	  44	  43	 4.675473617E-01
598	  37	  38	  45	  44	 2.587741088E-01
599	  37	  38	  48	   1	 2.948204460E-01
600	  38	  39	  41	  40	 6.825778369E+01
601	  38	  39	  42	  41	 1.060322444E+01
602	  38	  39	  43	  42	 1.530615915E+00
603	  39	  40	  42	  41	 8.663554051E+00
604	  39	  40	  44	  45	 3.235276232E-01
605	  39	  40	  47	  48	 1.907126913E-01
606	  39	  40	   1	  48	 3.606980946E-01
607	  40	  41	  43	  42	 1.334434731E+01
608	  40	  41	  45	  44	 1.018610739E+00
609	  41	  42	  44	  43	 6.347254229E+00
610	  42	  43	  45	  44	 1.674803204E+01
611	  42	  43	  48	  47	 9.954872881E-01
612	  43	  44	  46	  45	 5.840224561E+00
613	  43	  44	  48	  47	 1.927541148E+00
614	  44	  45	  47	  46	 2.546080135E+01
615	  44	  45	  48	  47	 7.419285226E+00
616	  45	  46	  48	  47	 3.606282674E+01
617	  45	  46	   1	  48	 1.066094751E+01
618	  46	  47	   1	  48	 4.026929801E+01
